% force_gain 1:

1600.000000 0.000000 15.000000 0.000000 0.500000 20.000000 5.000000 
1600.000000 0.000000 15.000000 0.000000 0.500000 20.000000 5.000000 
7000.000000 0.000000 15.000000 3.500000 0.500000 40.000000 20.000000 
30.000000 60.000000 0.150000 0.000000 0.000000 0.000000 0.000000 
30.000000 80.000000 0.150000 0.000000 0.000000 0.000000 0.000000 
10.000000 0.000000 0.150000 0.000000 0.000000 0.000000 0.000000 
1 1 1 0 0 0

% force-gain 2: *****

1600.000000 0.000000 15.000000 0.000000 0.500000 20.000000 5.000000 
1600.000000 0.000000 15.000000 0.000000 0.500000 20.000000 5.000000 
7000.000000 0.000000 15.000000 3.500000 0.500000 40.000000 20.000000 
30.000000 0.000000 0.150000 0.000000 0.000000 0.000000 0.000000 
30.000000 0.000000 0.150000 0.000000 0.000000 0.000000 0.000000 
10.000000 0.000000 0.150000 0.000000 0.000000 0.000000 0.000000 
1 1 1 0 0 0 

% force_gain 3:***********************

1500.000000 5.000000 15.000000 0.000000 1.000000 5.000000 5.000000 
1500.000000 5.000000 15.000000 0.000000 1.000000 5.000000 5.000000 
2000.000000 5.000000 50.000000 5.810000 2.000000 10.000000 5.000000 
  30.000000 5.000000  0.150000 0.000000 0.000000 0.000000 0.000000 
  30.000000 5.000000  0.150000 0.000000 0.000000 0.000000 0.000000 
  10.000000 5.000000  0.150000 0.000000 0.000000 0.000000 0.000000 
0 0 0 0 0 0

% force_gain 4:

1500.000000 5.000000 15.000000 0.000000 1.000000 5.000000 5.000000 
1500.000000 5.000000 15.000000 0.000000 1.000000 5.000000 5.000000 
2000.000000 5.000000 50.000000 5.810000 2.000000 10.000000 5.000000 
  30.000000 5.000000  0.150000 0.000000 0.000000 0.000000 0.000000 
  30.000000 5.000000  0.150000 0.000000 0.000000 0.000000 0.000000 
  10.000000 5.000000  0.150000 0.000000 0.000000 0.000000 0.000000 
0 0 0 0 0 0

% force_gain 5:

1000.000000 0.000000 15.000000 0.000000 2.000000 0.000000 2.000000 
1000.000000 0.000000 15.000000 0.000000 2.000000 0.000000 2.000000 
2000.000000 0.000000 20.000000 5.670000 2.000000 0.000000 2.000000 
  30.000000 0.000000  0.150000 0.000000 0.000000 0.000000 0.000000 
  30.000000 0.000000  0.150000 0.000000 0.000000 0.000000 0.000000 
   6.000000 0.000000  0.150000 0.000000 0.000000 0.000000 0.000000 
0 0 0 0 0 0

% force_gain 6:

6000.000000    0.000000  50.000000 0.000000 3.000000 50.000000 50.000000 
6000.000000    0.000000  50.000000 0.000000 2.000000 50.000000 20.000000 
6000.000000    0.000000  50.000000 5.670000 3.000000 50.000000 65.000000 
7000.000000 2000.000000 150.000000 0.000000 0.000000 0.000000  0.000000 
7000.000000 2000.000000 150.000000 0.000000 0.000000 0.000000  0.000000 
7000.000000    0.000000 150.000000 0.000000 0.000000 0.000000  0.000000 
0 0 0 0 0 0

% force_gain 7:

1000.000000 0.000000 15.000000 0.000000 2.000000 0.000000 2.000000 
1000.000000 0.000000 15.000000 0.000000 2.000000 0.000000 2.000000 
2000.000000 0.000000 20.000000 5.670000 2.000000 0.000000 2.000000 
  30.000000 0.000000  0.150000 0.000000 0.000000 0.000000 0.000000 
  30.000000 0.000000  0.150000 0.000000 0.000000 0.000000 0.000000 
   6.000000 0.000000  0.150000 0.000000 0.000000 0.000000 0.000000 
0 0 0 0 0 0

% force_gain 8:

1600.000000 0.000000 15.000000 0.000000 0.500000 20.000000 5.000000 
1600.000000 0.000000 15.000000 0.000000 0.500000 20.000000 5.000000 
7000.000000 0.000000 15.000000 3.500000 0.500000 40.000000 20.000000 
30.000000 60.000000 0.150000 0.000000 0.000000 0.000000 0.000000 
30.000000 80.000000 0.150000 0.000000 0.000000 0.000000 0.000000 
10.000000 0.000000 0.150000 0.000000 0.000000 0.000000 0.000000 
1 1 1 0 0 0

% force_gain 9:

1600.0 0.0 15.0 0.0 0.5 10.0 20.0
1600.0 0.0 15.0 0.0 0.5 10.0 10.0
7000.0 0.0 15.0 3.5 2.0 50.0 10.0
30.0 10.0 0.15 0.0 0.0 0.0 0.0 
30.0 10.0 0.15 0.0 0.0 0.0 0.0 
10.0 0.0 0.15 0.0 0.0 0.0 0.0 
0 0 0 0 0 0  

% force_gain 10:

% force-gain 111: *****

1600.000000 0.000000 15.000000 0.000000 0.500000 20.000000 5.000000 
1600.000000 0.000000 15.000000 0.000000 0.500000 20.000000 5.000000 
7000.000000 0.000000 15.000000 3.500000 0.500000 40.000000 20.000000 
30.000000 20.000000 0.150000 0.000000 0.000000 0.000000 0.000000 
30.000000 20.000000 0.150000 0.000000 0.000000 0.000000 0.000000 
10.000000 0.000000 0.150000 0.000000 0.000000 0.000000 0.000000 